00001_TE_2096x1400_8bit_sRGB.png_0.12 0 -64 -64 
00001_TE_2096x1400_8bit_sRGB.png_0.25 1 -332 -332 
00001_TE_2096x1400_8bit_sRGB.png_0.5 1 63 63 
00001_TE_2096x1400_8bit_sRGB.png_0.75 2 -192 -192 
00001_TE_2096x1400_8bit_sRGB.png_1.0 2 0 0 
00002_TE_2144x1424_8bit_sRGB.png_0.12 0 99 99 
00002_TE_2144x1424_8bit_sRGB.png_0.25 1 -100 -100 
00002_TE_2144x1424_8bit_sRGB.png_0.5 2 -353 -353 
00002_TE_2144x1424_8bit_sRGB.png_0.75 2 -59 -59 
00002_TE_2144x1424_8bit_sRGB.png_1.0 2 56 56 
00003_TE_1944x1296_8bit_sRGB.png_0.12 1 -382 -382 
00003_TE_1944x1296_8bit_sRGB.png_0.25 1 43 43 
00003_TE_1944x1296_8bit_sRGB.png_0.5 2 -15 -15 
00003_TE_1944x1296_8bit_sRGB.png_0.75 3 -385 -385 
00003_TE_1944x1296_8bit_sRGB.png_1.0 3 -126 -126 
00004_TE_1808x1352_8bit_sRGB.png_0.12 0 0 0 
00004_TE_1808x1352_8bit_sRGB.png_0.25 1 -215 -215 
00004_TE_1808x1352_8bit_sRGB.png_0.5 1 122 122 
00004_TE_1808x1352_8bit_sRGB.png_0.75 2 -224 -224 
00004_TE_1808x1352_8bit_sRGB.png_1.0 2 0 0 
00005_TE_1336x872_8bit_sRGB.png_0.12 1 -135 -135 
00005_TE_1336x872_8bit_sRGB.png_0.25 2 -314 -314 
00005_TE_1336x872_8bit_sRGB.png_0.5 2 111 111 
00005_TE_1336x872_8bit_sRGB.png_0.75 3 -194 -194 
00005_TE_1336x872_8bit_sRGB.png_1.0 3 0 0 
00006_TE_1544x1120_8bit_sRGB.png_0.12 0 26 26 
00006_TE_1544x1120_8bit_sRGB.png_0.25 1 -146 -146 
00006_TE_1544x1120_8bit_sRGB.png_0.5 2 -352 -352 
00006_TE_1544x1120_8bit_sRGB.png_0.75 2 0 0 
00006_TE_1544x1120_8bit_sRGB.png_1.0 2 168 168 
00007_TE_1472x976_8bit_sRGB.png_0.12 1 -426 -426 
00007_TE_1472x976_8bit_sRGB.png_0.25 1 39 39 
00007_TE_1472x976_8bit_sRGB.png_0.5 2 -122 -122 
00007_TE_1472x976_8bit_sRGB.png_0.75 2 68 68 
00007_TE_1472x976_8bit_sRGB.png_1.0 3 -262 -262 
00008_TE_1912x1272_8bit_sRGB.png_0.12 1 -491 -491 
00008_TE_1912x1272_8bit_sRGB.png_0.25 1 -85 -85 
00008_TE_1912x1272_8bit_sRGB.png_0.5 2 -371 -371 
00008_TE_1912x1272_8bit_sRGB.png_0.75 2 -61 -61 
00008_TE_1912x1272_8bit_sRGB.png_1.0 2 81 81 
00009_TE_1976x1312_8bit_sRGB.png_0.12 0 -235 -235 
00009_TE_1976x1312_8bit_sRGB.png_0.25 0 101 101 
00009_TE_1976x1312_8bit_sRGB.png_0.5 1 -94 -94 
00009_TE_1976x1312_8bit_sRGB.png_0.75 1 101 101 
00009_TE_1976x1312_8bit_sRGB.png_1.0 2 -311 -311 
00010_TE_1744x1160_8bit_sRGB.png_0.12 0 -94 -94 
00010_TE_1744x1160_8bit_sRGB.png_0.25 1 -305 -305 
00010_TE_1744x1160_8bit_sRGB.png_0.5 1 56 56 
00010_TE_1744x1160_8bit_sRGB.png_0.75 2 -223 -223 
00010_TE_1744x1160_8bit_sRGB.png_1.0 2 -11 -11 
00011_TE_1512x2016_8bit_sRGB.png_0.12 1 -496 -496 
00011_TE_1512x2016_8bit_sRGB.png_0.25 1 -111 -111 
00011_TE_1512x2016_8bit_sRGB.png_0.5 2 -411 -411 
00011_TE_1512x2016_8bit_sRGB.png_0.75 2 -165 -165 
00011_TE_1512x2016_8bit_sRGB.png_1.0 2 0 0 
00012_TE_1920x1280_8bit_sRGB.png_0.12 0 12 12 
00012_TE_1920x1280_8bit_sRGB.png_0.25 1 -67 -67 
00012_TE_1920x1280_8bit_sRGB.png_0.5 2 -232 -232 
00012_TE_1920x1280_8bit_sRGB.png_0.75 2 0 0 
00012_TE_1920x1280_8bit_sRGB.png_1.0 3 -328 -328 
00013_TE_3680x2456_8bit_sRGB.png_0.12 1 -347 -347 
00013_TE_3680x2456_8bit_sRGB.png_0.25 1 38 38 
00013_TE_3680x2456_8bit_sRGB.png_0.5 2 -50 -50 
00013_TE_3680x2456_8bit_sRGB.png_0.75 2 155 155 
00013_TE_3680x2456_8bit_sRGB.png_1.0 3 -133 -133 
00014_TE_3680x2456_8bit_sRGB.png_0.12 1 -344 -344 
00014_TE_3680x2456_8bit_sRGB.png_0.25 1 73 73 
00014_TE_3680x2456_8bit_sRGB.png_0.5 2 0 0 
00014_TE_3680x2456_8bit_sRGB.png_0.75 3 -323 -323 
00014_TE_3680x2456_8bit_sRGB.png_1.0 3 -82 -82 
00015_TE_1744x2000_8bit_sRGB.png_0.12 1 -169 -169 
00015_TE_1744x2000_8bit_sRGB.png_0.25 1 150 150 
00015_TE_1744x2000_8bit_sRGB.png_0.5 2 -82 -82 
00015_TE_1744x2000_8bit_sRGB.png_0.75 2 79 79 
00015_TE_1744x2000_8bit_sRGB.png_1.0 3 -336 -336 
00016_TE_1192x832_8bit_sRGB.png_0.12 0 0 0 
00016_TE_1192x832_8bit_sRGB.png_0.25 1 -205 -205 
00016_TE_1192x832_8bit_sRGB.png_0.5 1 178 178 
00016_TE_1192x832_8bit_sRGB.png_0.75 2 -91 -91 
00016_TE_1192x832_8bit_sRGB.png_1.0 2 25 25 
00017_TE_1280x848_8bit_sRGB.png_0.12 0 0 0 
00017_TE_1280x848_8bit_sRGB.png_0.25 1 -314 -314 
00017_TE_1280x848_8bit_sRGB.png_0.5 1 52 52 
00017_TE_1280x848_8bit_sRGB.png_0.75 2 -261 -261 
00017_TE_1280x848_8bit_sRGB.png_1.0 2 -6 -6 
00018_TE_3032x1856_8bit_sRGB.png_0.12 0 -102 -102 
00018_TE_3032x1856_8bit_sRGB.png_0.25 1 -349 -349 
00018_TE_3032x1856_8bit_sRGB.png_0.5 1 18 18 
00018_TE_3032x1856_8bit_sRGB.png_0.75 2 -300 -300 
00018_TE_3032x1856_8bit_sRGB.png_1.0 2 -88 -88 
00019_TE_1920x1080_8bit_sRGB.png_0.12 0 0 0 
00019_TE_1920x1080_8bit_sRGB.png_0.25 1 -71 -71 
00019_TE_1920x1080_8bit_sRGB.png_0.5 2 -216 -216 
00019_TE_1920x1080_8bit_sRGB.png_0.75 2 0 0 
00019_TE_1920x1080_8bit_sRGB.png_1.0 3 -274 -274 
00020_TE_3680x2456_8bit_sRGB.png_0.12 0 8 8 
00020_TE_3680x2456_8bit_sRGB.png_0.25 1 -151 -151 
00020_TE_3680x2456_8bit_sRGB.png_0.5 2 -368 -368 
00020_TE_3680x2456_8bit_sRGB.png_0.75 2 -63 -63 
00020_TE_3680x2456_8bit_sRGB.png_1.0 2 46 46 
00021_TE_2192x1520_8bit_sRGB.png_0.12 0 -16 -16 
00021_TE_2192x1520_8bit_sRGB.png_0.25 1 -292 -292 
00021_TE_2192x1520_8bit_sRGB.png_0.5 1 65 65 
00021_TE_2192x1520_8bit_sRGB.png_0.75 2 -231 -231 
00021_TE_2192x1520_8bit_sRGB.png_1.0 2 0 0 
00022_TE_1248x832_8bit_sRGB.png_0.12 0 31 31 
00022_TE_1248x832_8bit_sRGB.png_0.25 1 -128 -128 
00022_TE_1248x832_8bit_sRGB.png_0.5 2 -378 -378 
00022_TE_1248x832_8bit_sRGB.png_0.75 2 -63 -63 
00022_TE_1248x832_8bit_sRGB.png_1.0 2 50 50 
00023_TE_2464x1640_8bit_sRGB.png_0.12 1 -429 -429 
00023_TE_2464x1640_8bit_sRGB.png_0.25 1 0 0 
00023_TE_2464x1640_8bit_sRGB.png_0.5 2 -269 -269 
00023_TE_2464x1640_8bit_sRGB.png_0.75 2 0 0 
00023_TE_2464x1640_8bit_sRGB.png_1.0 2 158 158 
00024_TE_1536x1024_8bit_sRGB.png_0.12 0 -79 -79 
00024_TE_1536x1024_8bit_sRGB.png_0.25 1 -387 -387 
00024_TE_1536x1024_8bit_sRGB.png_0.5 1 0 0 
00024_TE_1536x1024_8bit_sRGB.png_0.75 2 -355 -355 
00024_TE_1536x1024_8bit_sRGB.png_1.0 2 -104 -104 
00025_TE_1984x1320_8bit_sRGB.png_0.12 1 -462 -462 
00025_TE_1984x1320_8bit_sRGB.png_0.25 1 0 0 
00025_TE_1984x1320_8bit_sRGB.png_0.5 2 -147 -147 
00025_TE_1984x1320_8bit_sRGB.png_0.75 2 40 40 
00025_TE_1984x1320_8bit_sRGB.png_1.0 3 -278 -278 
00026_TE_1784x1296_8bit_sRGB.png_0.12 0 80 80 
00026_TE_1784x1296_8bit_sRGB.png_0.25 1 0 0 
00026_TE_1784x1296_8bit_sRGB.png_0.5 2 -163 -163 
00026_TE_1784x1296_8bit_sRGB.png_0.75 2 36 36 
00026_TE_1784x1296_8bit_sRGB.png_1.0 3 -259 -259 
00027_TE_3680x2456_8bit_sRGB.png_0.12 0 -301 -301 
00027_TE_3680x2456_8bit_sRGB.png_0.25 0 28 28 
00027_TE_3680x2456_8bit_sRGB.png_0.5 1 -202 -202 
00027_TE_3680x2456_8bit_sRGB.png_0.75 1 0 0 
00027_TE_3680x2456_8bit_sRGB.png_1.0 2 -423 -423 
00028_TE_800x1200_8bit_sRGB.png_0.12 1 -242 -242 
00028_TE_800x1200_8bit_sRGB.png_0.25 1 168 168 
00028_TE_800x1200_8bit_sRGB.png_0.5 2 -17 -17 
00028_TE_800x1200_8bit_sRGB.png_0.75 2 167 167 
00028_TE_800x1200_8bit_sRGB.png_1.0 3 -167 -167 
00029_TE_976x1472_8bit_sRGB.png_0.12 0 154 154 
00029_TE_976x1472_8bit_sRGB.png_0.25 1 33 33 
00029_TE_976x1472_8bit_sRGB.png_0.5 2 -57 -57 
00029_TE_976x1472_8bit_sRGB.png_0.75 2 150 150 
00029_TE_976x1472_8bit_sRGB.png_1.0 3 -207 -207 
00030_TE_560x888_8bit_sRGB.png_0.12 1 -397 -397 
00030_TE_560x888_8bit_sRGB.png_0.25 1 0 0 
00030_TE_560x888_8bit_sRGB.png_0.5 2 -150 -150 
00030_TE_560x888_8bit_sRGB.png_0.75 2 28 28 
00030_TE_560x888_8bit_sRGB.png_1.0 3 -309 -309 
00031_TE_1752x1856_8bit_sRGB.png_0.12 1 -170 -170 
00031_TE_1752x1856_8bit_sRGB.png_0.25 2 -382 -382 
00031_TE_1752x1856_8bit_sRGB.png_0.5 2 0 0 
00031_TE_1752x1856_8bit_sRGB.png_0.75 3 -288 -288 
00031_TE_1752x1856_8bit_sRGB.png_1.0 3 -73 -73 
00032_TE_7680x5120_8bit_sRGB.png_0.12 0 -66 -66 
00032_TE_7680x5120_8bit_sRGB.png_0.25 1 -377 -377 
00032_TE_7680x5120_8bit_sRGB.png_0.5 1 0 0 
00032_TE_7680x5120_8bit_sRGB.png_0.75 2 -248 -248 
00032_TE_7680x5120_8bit_sRGB.png_1.0 2 0 0 
00033_TE_2120x1608_8bit_sRGB.png_0.12 1 -374 -374 
00033_TE_2120x1608_8bit_sRGB.png_0.25 1 47 47 
00033_TE_2120x1608_8bit_sRGB.png_0.5 2 -98 -98 
00033_TE_2120x1608_8bit_sRGB.png_0.75 2 82 82 
00033_TE_2120x1608_8bit_sRGB.png_1.0 3 -277 -277 
00034_TE_1072x928_8bit_sRGB.png_0.12 0 110 110 
00034_TE_1072x928_8bit_sRGB.png_0.25 1 -68 -68 
00034_TE_1072x928_8bit_sRGB.png_0.5 2 -308 -308 
00034_TE_1072x928_8bit_sRGB.png_0.75 2 0 0 
00034_TE_1072x928_8bit_sRGB.png_1.0 3 -333 -333 
00035_TE_877x1658_8bit_sRGB.png_0.12 0 0 0 
00035_TE_877x1658_8bit_sRGB.png_0.25 1 -208 -208 
00035_TE_877x1658_8bit_sRGB.png_0.5 2 -422 -422 
00035_TE_877x1658_8bit_sRGB.png_0.75 2 -67 -67 
00035_TE_877x1658_8bit_sRGB.png_1.0 2 75 75 
00036_TE_998x1675_8bit_sRGB.png_0.12 0 0 0 
00036_TE_998x1675_8bit_sRGB.png_0.25 1 -234 -234 
00036_TE_998x1675_8bit_sRGB.png_0.5 1 126 126 
00036_TE_998x1675_8bit_sRGB.png_0.75 2 -136 -136 
00036_TE_998x1675_8bit_sRGB.png_1.0 2 0 0 
00037_TE_5616x3744_8bit_sRGB.png_0.12 1 -221 -221 
00037_TE_5616x3744_8bit_sRGB.png_0.25 2 -385 -385 
00037_TE_5616x3744_8bit_sRGB.png_0.5 2 23 23 
00037_TE_5616x3744_8bit_sRGB.png_0.75 3 -217 -217 
00037_TE_5616x3744_8bit_sRGB.png_1.0 3 0 0 
00038_TE_8160x6120_8bit_sRGB.png_0.12 1 -393 -393 
00038_TE_8160x6120_8bit_sRGB.png_0.25 1 44 44 
00038_TE_8160x6120_8bit_sRGB.png_0.5 2 -110 -110 
00038_TE_8160x6120_8bit_sRGB.png_0.75 2 60 60 
00038_TE_8160x6120_8bit_sRGB.png_1.0 3 -316 -316 
00039_TE_5464x3640_8bit_sRGB.png_0.12 0 71 71 
00039_TE_5464x3640_8bit_sRGB.png_0.25 1 -45 -45 
00039_TE_5464x3640_8bit_sRGB.png_0.5 2 -261 -261 
00039_TE_5464x3640_8bit_sRGB.png_0.75 2 0 0 
00039_TE_5464x3640_8bit_sRGB.png_1.0 3 -339 -339 
00040_TE_7394x4932_8bit_sRGB.png_0.12 0 152 152 
00040_TE_7394x4932_8bit_sRGB.png_0.25 1 44 44 
00040_TE_7394x4932_8bit_sRGB.png_0.5 2 -44 -44 
00040_TE_7394x4932_8bit_sRGB.png_0.75 2 141 141 
00040_TE_7394x4932_8bit_sRGB.png_1.0 3 -252 -252 
00041_TE_3374x5055_8bit_sRGB.png_0.12 0 0 0 
00041_TE_3374x5055_8bit_sRGB.png_0.25 1 -280 -280 
00041_TE_3374x5055_8bit_sRGB.png_0.5 1 37 37 
00041_TE_3374x5055_8bit_sRGB.png_0.75 2 -292 -292 
00041_TE_3374x5055_8bit_sRGB.png_1.0 2 -63 -63 
00042_TE_2787x4004_8bit_sRGB.png_0.12 0 102 102 
00042_TE_2787x4004_8bit_sRGB.png_0.25 1 -10 -10 
00042_TE_2787x4004_8bit_sRGB.png_0.5 2 -162 -162 
00042_TE_2787x4004_8bit_sRGB.png_0.75 2 50 50 
00042_TE_2787x4004_8bit_sRGB.png_1.0 3 -212 -212 
00043_TE_945x840_8bit_sRGB.png_0.12 1 0 0 
00043_TE_945x840_8bit_sRGB.png_0.25 2 -176 -176 
00043_TE_945x840_8bit_sRGB.png_0.5 3 -372 -372 
00043_TE_945x840_8bit_sRGB.png_0.75 3 -73 -73 
00043_TE_945x840_8bit_sRGB.png_1.0 3 42 42 
00044_TE_1430x1834_8bit_sRGB.png_0.12 0 74 74 
00044_TE_1430x1834_8bit_sRGB.png_0.25 1 -152 -152 
00044_TE_1430x1834_8bit_sRGB.png_0.5 2 -333 -333 
00044_TE_1430x1834_8bit_sRGB.png_0.75 2 -7 -7 
00044_TE_1430x1834_8bit_sRGB.png_1.0 2 120 120 
00045_TE_2533x1897_8bit_sRGB.png_0.12 1 -322 -322 
00045_TE_2533x1897_8bit_sRGB.png_0.25 1 116 116 
00045_TE_2533x1897_8bit_sRGB.png_0.5 2 -50 -50 
00045_TE_2533x1897_8bit_sRGB.png_0.75 2 124 124 
00045_TE_2533x1897_8bit_sRGB.png_1.0 3 -278 -278 
00046_TE_2816x1878_8bit_sRGB.png_0.12 1 -299 -299 
00046_TE_2816x1878_8bit_sRGB.png_0.25 1 27 27 
00046_TE_2816x1878_8bit_sRGB.png_0.5 2 -278 -278 
00046_TE_2816x1878_8bit_sRGB.png_0.75 2 -44 -44 
00046_TE_2816x1878_8bit_sRGB.png_1.0 2 49 49 
00047_TE_2500x1875_8bit_sRGB.png_0.12 0 -465 -465 
00047_TE_2500x1875_8bit_sRGB.png_0.25 0 -31 -31 
00047_TE_2500x1875_8bit_sRGB.png_0.5 1 -357 -357 
00047_TE_2500x1875_8bit_sRGB.png_0.75 1 -44 -44 
00047_TE_2500x1875_8bit_sRGB.png_1.0 1 89 89 
00048_TE_2500x1667_8bit_sRGB.png_0.12 0 116 116 
00048_TE_2500x1667_8bit_sRGB.png_0.25 1 -179 -179 
00048_TE_2500x1667_8bit_sRGB.png_0.5 1 100 100 
00048_TE_2500x1667_8bit_sRGB.png_0.75 2 -360 -360 
00048_TE_2500x1667_8bit_sRGB.png_1.0 2 -166 -166 
00049_TE_5566x3569_8bit_sRGB.png_0.12 0 -22 -22 
00049_TE_5566x3569_8bit_sRGB.png_0.25 1 -198 -198 
00049_TE_5566x3569_8bit_sRGB.png_0.5 2 -380 -380 
00049_TE_5566x3569_8bit_sRGB.png_0.75 2 -71 -71 
00049_TE_5566x3569_8bit_sRGB.png_1.0 2 28 28 
00050_TE_3976x2652_8bit_sRGB.png_0.12 0 137 137 
00050_TE_3976x2652_8bit_sRGB.png_0.25 1 -20 -20 
00050_TE_3976x2652_8bit_sRGB.png_0.5 2 -237 -237 
00050_TE_3976x2652_8bit_sRGB.png_0.75 2 0 0 
00050_TE_3976x2652_8bit_sRGB.png_1.0 3 -355 -355 
